% 2
142305678
120345678
% 4
125304678
125304678
% 5
301452678
301452678
142358607
% 6
312458067
310642785
% 7
104372685
102348657
302614785
432175608
302614785
312048657
102348657
142037685
102645738
402175368
% 8
042137685
125307684
325418067
025341678
154372068
472105368
351472068
142637085
351472068
632105748
% 9
125740368
105327684
125638407
401532678
325710468
371420685
402137685
304512678
142087365
125480367
% 10
043152678
012375684
172435068
045123678
125378460
314702685
420158367
435621078
432108657
320618754
% 11
315620784
452180367
312560478
235148607
381420657
541320678
172360485
425160738
435210678
102648537
% 12
014372568
182357640
125687430
632184750
160342785
245318067
432618570
158427360
425187630
172385640
% 13
371048652
425067138
123684705
382045617
381620754
302645178
235610784
105827364
561342708
106342785
% 14
012643578
170432685
013624785
250473168
410537682
425186370
245107386
328601547
431208567
125687043
% 15
158460372
762450138
125463708
387410652
385041627
142357806
405327618
265034178
153240678
467012385
% 16
152437086
640132758
128635074
326781450
341708562
643182075
063712854
382165047
425681730
230765184
% 17
615230478
702186345
184673502
271034685
528310647
423015768
425087316
405621378
105327846
301287465
% 18
187432056
438652170
314562870
725368410
725643018
314206578
021538674
542601783
413872065
614358720
% 19