% 2
142305678
120345678
% 4
125304678
125304678
% 5
301452678
301452678
142358607
% 6
312458067
310642785
% 7
104372685
102348657
302614785
432175608
302614785
312048657
102348657
142037685
102645738
402175368
% 8
042137685
125307684
325418067
025341678
154372068
472105368
351472068
142637085
351472068
632105748
% 9
125740368
105327684
125638407
401532678
325710468
371420685
402137685
304512678
142087365
125480367
% 10
043152678
012375684
172435068
045123678
125378460
314702685
420158367
435621078
432108657
320618754
% 11
315620784
452180367
312560478
235148607
381420657
541320678
172360485
425160738
435210678
102648537
% 12
014372568
182357640
125687430
632184750
160342785
245318067
432618570
158427360
425187630
172385640
% 13
371048652
425067138
123684705
382045617
381620754
302645178
235610784
105827364
561342708
106342785
% 14
012643578
170432685
013624785
250473168
410537682
425186370
245107386
328601547
431208567
125687043
% 15
158460372
762450138
125463708
387410652
385041627
142357806
405327618
265034178
153240678
467012385
% 16
152437086
640132758
128635074
326781450
341708562
643182075
063712854
382165047
425681730
230765184
% 17
615230478
702186345
184673502
271034685
528310647
423015768
425087316
405621378
105327846
301287465
% 18
187432056
438652170
314562870
725368410
725643018
314206578
021538674
542601783
413872065
614358720
% 19
418630572
271385406
154837206
314056728
471035682
302647185
435178602
547613802
354781602
372015486
% 20
742108536
845132670
014735268
160827345
614503278
328164057
028153764
715432068
% 21
104732586
503782416
301827645
473812506
265038471
648213507
827146305
401675832
745260318
% 22
352874016
017823564
831647520
560341278
684712350
614875230
653814270
254873016
318726540
051683472
% 23
628715403
104726583
386012745
637150428
403261857
306578421
237415806
157423806
685310742
865013274
% 24
416702853
637852410
034786152
083752146
164853720
854702163
536704812
427851360
728506341
681274053
% 25
857420361
138056247
826130574
806137524
417036582
503876412
803276415
467058132
376814205
451073826
% 26
576201483
786524130
830567412
123546087
710248563
046812735
863514270
167508234
786241035
014837265
% 27
856042317
806347152
708265413
413280765
786024351
386527104
827053641
781064523
748130265
806351274
% 28
785631240
580736241
263574810
471506823
017523846
560847321
510823476
370568241
876412530
056847321
% 29
605872143
785041263
523846107
501823764
406378215
874263501
723084516
567410283
856427301
241076583
% 30
841253076
057862143
524861730
782601543
784206531
786503214
740386125
078654312
576801243
870641325
% 31
207534861
678314205
567048312
307168254
513074286
704286531
607481253
216540873
813756204
706358142
% 32
678345210

